time[d]	beta1		beta2		beta3		beta4		beta5		beta6		ngt[s^-1]	fuel_temp_coeff[pcm/dK]	mod_temp_coeff[pcm/dK]
0.0	1.9917e-04	1.0526e-03	1.0480e-03	3.0109e-03	7.9403e-04	2.7303e-04	7.1870e-04	-7.0183		-3.2492
0.0208	2.2271e-04	1.1135e-03	1.0440e-03	3.0591e-03	8.5106e-04	2.9577e-04	7.2339e-04	-7.6099		-4.1603
0.0416	2.3451e-04	1.1333e-03	1.0345e-03	3.0711e-03	8.9108e-04	3.0860e-04	7.2347e-04	-7.9258		-4.5643
1.0	2.3677e-04	1.1231e-03	1.0211e-03	3.0536e-03	9.1513e-04	3.1339e-04	7.1953e-04	-8.0266		-4.5752
3.0	2.3169e-04	1.0941e-03	1.0056e-03	3.0138e-03	9.2423e-04	3.1200e-04	7.1212e-04	-7.9731		-4.3072
7.0	2.2146e-04	1.0574e-03	9.8968e-04	2.9585e-03	9.1942e-04	3.0631e-04	7.0180e-04	-7.8258		-3.8744
14.0	2.0741e-04	1.0443e-03	9.7121e-04	2.8917e-03	8.8000e-04	2.9119e-04	6.8954e-04	-7.5486		-3.3731
21.0	2.0025e-04	1.0453e-03	9.7669e-04	2.8447e-03	8.6545e-04	2.8557e-04	6.7409e-04	-7.7871		-3.192
28.0	1.8251e-04	1.0414e-03	9.7028e-04	2.7833e-03	8.4149e-04	2.9202e-04	6.5881e-04	-7.7248		-3.0244
35.0	1.7757e-04	1.0475e-03	9.6379e-04	2.7239e-03	8.2325e-04	2.9716e-04	6.4327e-04	-7.409		-2.9936
42.0	1.7297e-04	1.0622e-03	9.5138e-04	2.6955e-03	8.0192e-04	2.9451e-04	6.2955e-04	-7.1754		-2.3702
49.0	1.6738e-04	1.0660e-03	9.3496e-04	2.6282e-03	7.9056e-04	2.9502e-04	6.1794e-04	-7.0297		-2.0115
56.0	1.7041e-04	1.0388e-03	9.4168e-04	2.6362e-03	8.0119e-04	2.7883e-04	6.0674e-04	-6.9291		-1.6544
63.0	1.6559e-04	1.0026e-03	9.3455e-04	2.6278e-03	7.8893e-04	2.6484e-04	5.9704e-04	-7.0922		-1.3799
70.0	1.6051e-04	9.7128e-04	9.2887e-04	2.6283e-03	7.9708e-04	2.6819e-04	5.8821e-04	-6.927		-1.5944
77.0	1.5837e-04	9.5439e-04	9.1278e-04	2.6282e-03	7.8009e-04	2.7005e-04	5.8010e-04	-6.7878		-1.3649
84.0	1.5334e-04	9.5423e-04	9.0397e-04	2.6333e-03	7.4815e-04	2.5495e-04	5.7263e-04	-7.0594		-1.6911
91.0	1.6114e-04	9.6857e-04	9.3443e-04	2.6233e-03	7.5628e-04	2.5248e-04	5.6553e-04	-7.2108		-1.7367
98.0	1.5772e-04	9.7190e-04	9.1370e-04	2.5912e-03	7.5073e-04	2.4618e-04	5.5968e-04	-7.0021		-1.9885
105.0	1.6662e-04	9.5248e-04	9.1955e-04	2.5431e-03	7.4654e-04	2.4518e-04	5.5323e-04	-6.8682		-2.1534
112.0	1.6987e-04	9.4832e-04	9.0641e-04	2.4760e-03	7.3331e-04	2.4064e-04	5.4682e-04	-6.4345		-1.8405
119.0	1.7462e-04	9.3920e-04	8.8046e-04	2.4257e-03	7.1338e-04	2.2849e-04	5.4048e-04	-6.32		-1.8194
126.0	1.7538e-04	9.2075e-04	8.7738e-04	2.4068e-03	7.1564e-04	2.1481e-04	5.3476e-04	-6.1375		-1.4885
133.0	1.7118e-04	9.0400e-04	8.4644e-04	2.4185e-03	7.1294e-04	2.2000e-04	5.3054e-04	-6.2156		-1.2902
140.0	1.6991e-04	9.0965e-04	8.4723e-04	2.3847e-03	7.1755e-04	2.2650e-04	5.2588e-04	-6.0882		-1.2484
147.0	1.6390e-04	9.1395e-04	8.4179e-04	2.3391e-03	7.2042e-04	2.3257e-04	5.2074e-04	-6.1927		-1.32
154.0	1.5185e-04	9.2190e-04	8.3033e-04	2.3217e-03	7.2379e-04	2.2846e-04	5.1384e-04	-6.4844		-1.6704
161.0	1.5298e-04	9.3168e-04	8.5607e-04	2.2678e-03	7.3377e-04	2.3080e-04	5.0660e-04	-6.614		-1.7692
191.0	1.5759e-04	9.2932e-04	8.3960e-04	2.2510e-03	7.2838e-04	2.2520e-04	4.9736e-04	-6.6824		-2.255
221.0	1.5382e-04	9.1252e-04	8.4629e-04	2.2037e-03	7.2087e-04	2.1357e-04	4.8648e-04	-6.709		-2.4171
251.0	1.5593e-04	9.1959e-04	8.4504e-04	2.1856e-03	7.0374e-04	2.1719e-04	4.7482e-04	-6.3154		-2.4154
281.0	1.5618e-04	9.1306e-04	8.3681e-04	2.1907e-03	6.8852e-04	2.0767e-04	4.6383e-04	-6.3699		-2.4776
311.0	1.6021e-04	9.0896e-04	8.4127e-04	2.1960e-03	7.0659e-04	2.0709e-04	4.5477e-04	-6.4558		-2.0329
341.0	1.6140e-04	9.1905e-04	8.2746e-04	2.2298e-03	6.8771e-04	2.1318e-04	4.4683e-04	-6.7815		-1.8183
371.0	1.6960e-04	9.5470e-04	8.3400e-04	2.2308e-03	6.6866e-04	2.1480e-04	4.3949e-04	-6.8503		-1.6149
401.0	1.6064e-04	9.4807e-04	8.1506e-04	2.2156e-03	6.4877e-04	2.2187e-04	4.3216e-04	-6.6905		-1.4806
431.0	1.5795e-04	9.4133e-04	7.9476e-04	2.2106e-03	6.4169e-04	2.2190e-04	4.2579e-04	-6.6655		-1.7542
461.0	1.5891e-04	9.1633e-04	7.8566e-04	2.1887e-03	6.3474e-04	2.2927e-04	4.2060e-04	-6.6254		-1.685
491.0	1.6166e-04	9.1078e-04	7.7078e-04	2.1870e-03	6.3014e-04	2.1926e-04	4.1472e-04	-6.3851		-1.961
521.0	1.5958e-04	9.2760e-04	7.6907e-04	2.1662e-03	6.4220e-04	2.1649e-04	4.1003e-04	-6.1812		-2.0789
551.0	1.6007e-04	9.0640e-04	7.7914e-04	2.1435e-03	6.5803e-04	2.2922e-04	4.0566e-04	-6.0884		-2.3548
581.0	1.5555e-04	8.9243e-04	7.7410e-04	2.1181e-03	6.9230e-04	2.1977e-04	4.0183e-04	-6.4293		-2.4412
611.0	1.5535e-04	8.9932e-04	7.9446e-04	2.0971e-03	7.2747e-04	2.2254e-04	3.9785e-04	-6.6499		-2.7185
641.0	1.5590e-04	9.1601e-04	8.1777e-04	2.1043e-03	7.1939e-04	2.1829e-04	3.9362e-04	-6.7052		-2.749
671.0	1.5930e-04	9.2606e-04	8.3546e-04	2.1192e-03	7.2242e-04	2.0385e-04	3.8977e-04	-6.999		-2.627
701.0	1.5135e-04	9.1754e-04	8.0459e-04	2.1305e-03	7.1103e-04	1.9301e-04	3.8570e-04	-7.1073		-2.9285
731.0	1.4982e-04	8.9877e-04	7.8703e-04	2.1382e-03	6.9305e-04	1.9496e-04	3.8216e-04	-7.0682		-3.4826
761.0	1.4088e-04	8.8426e-04	7.7890e-04	2.1641e-03	6.7960e-04	1.9473e-04	3.7890e-04	-6.933		-3.6431
791.0	1.3504e-04	9.0630e-04	7.7726e-04	2.1441e-03	6.5684e-04	1.9064e-04	3.7561e-04	-6.7747		-4.0481
821.0	1.3782e-04	9.3432e-04	7.7654e-04	2.1484e-03	6.5446e-04	2.0352e-04	3.7340e-04	-6.7595		-4.1684
851.0	1.3406e-04	9.2721e-04	7.7105e-04	2.1171e-03	6.5535e-04	2.0866e-04	3.7043e-04	-6.9347		-4.1341
881.0	1.3037e-04	9.2740e-04	7.6314e-04	2.0998e-03	6.6800e-04	2.0624e-04	3.6801e-04	-7.2241		-3.9368
911.0	1.2966e-04	9.3829e-04	7.9115e-04	2.0908e-03	6.7690e-04	2.1715e-04	3.6576e-04	-7.1746		-4.0166
941.0	1.2902e-04	9.2498e-04	8.2416e-04	2.1080e-03	6.8201e-04	2.1937e-04	3.6396e-04	-7.2928		-3.71
971.0	1.3076e-04	9.2023e-04	8.1986e-04	2.1121e-03	6.8878e-04	2.1178e-04	3.6142e-04	-7.4458		-3.4148
1001.0	1.3035e-04	9.1201e-04	7.9165e-04	2.1458e-03	6.9015e-04	2.1432e-04	3.5933e-04	-7.4863		-3.7379
1031.0	1.2947e-04	8.9521e-04	7.9213e-04	2.1344e-03	6.8452e-04	2.2586e-04	3.5711e-04	-7.1405		-3.9038
1061.0	1.3771e-04	8.9518e-04	8.2228e-04	2.1346e-03	6.7906e-04	2.2269e-04	3.5485e-04	-7.13		-3.7879
1091.0	1.4306e-04	9.0822e-04	8.1498e-04	2.1307e-03	6.7028e-04	2.1535e-04	3.5227e-04	-7.2087		-3.6109
1121.0	1.5067e-04	9.1832e-04	7.9404e-04	2.1229e-03	6.7357e-04	2.2449e-04	3.5022e-04	-7.1085		-3.523
1151.0	1.5424e-04	9.1249e-04	7.8952e-04	2.1282e-03	6.5887e-04	2.1875e-04	3.4837e-04	-7.4027		-3.0716
1181.0	1.5838e-04	8.9890e-04	7.8424e-04	2.1305e-03	6.4960e-04	2.1585e-04	3.4744e-04	-7.0741		-3.0663
1211.0	1.6157e-04	8.9254e-04	7.8974e-04	2.1131e-03	6.4351e-04	2.2159e-04	3.4614e-04	-6.9797		-3.0897
1241.0	1.5520e-04	8.8943e-04	8.1631e-04	2.1065e-03	6.3787e-04	2.2154e-04	3.4455e-04	-6.8713		-3.0026
1271.0	1.5569e-04	9.0894e-04	8.0996e-04	2.1041e-03	6.4223e-04	2.1547e-04	3.4293e-04	-6.4661		-3.4829
1301.0	1.5052e-04	9.2663e-04	8.0295e-04	2.0994e-03	6.4866e-04	2.1466e-04	3.4202e-04	-6.4683		-3.8836
1331.0	1.4525e-04	9.3484e-04	8.0570e-04	2.0909e-03	6.4700e-04	2.1385e-04	3.4077e-04	-5.9484		-4.0887
1361.0	1.4527e-04	9.5508e-04	8.0140e-04	2.1108e-03	6.5524e-04	2.0711e-04	3.3950e-04	-5.8967		-4.0516
1391.0	1.4681e-04	9.6584e-04	8.0051e-04	2.1278e-03	6.6416e-04	2.0557e-04	3.3795e-04	-5.9783		-3.9692
1421.0	1.4982e-04	9.6045e-04	8.0648e-04	2.1335e-03	6.7262e-04	2.1303e-04	3.3594e-04	-6.2035		-3.8886
1451.0	1.5421e-04	9.3222e-04	8.2276e-04	2.1198e-03	6.7947e-04	2.3329e-04	3.3333e-04	-6.5822		-3.8571
1481.0	1.5991e-04	8.7447e-04	8.5280e-04	2.0781e-03	6.8354e-04	2.7015e-04	3.2996e-04	-7.1245		-3.9218
