time[d]	beta1		beta2		beta3		beta4		beta5		beta6		ngt[s^-1]	fuel_temp_coeff[pcm/dK]	mod_temp_coeff[pcm/dK]
0.0	2.0270e-04	1.1047e-03	1.0569e-03	3.0228e-03	8.7489e-04	3.1555e-04	4.6473e-04	-5.3897		-2.0123
0.0208	2.0805e-04	1.1198e-03	1.0600e-03	3.0294e-03	8.7707e-04	3.1108e-04	4.6650e-04	-5.3042		-1.5769
0.0416	2.0892e-04	1.1160e-03	1.0599e-03	3.0209e-03	8.7741e-04	3.1130e-04	4.6550e-04	-5.5684		-1.6952
1.0	2.0476e-04	1.0979e-03	1.0670e-03	3.0109e-03	8.8366e-04	3.1612e-04	4.6514e-04	-5.3578		-1.6592
3.0	2.0906e-04	1.1018e-03	1.0654e-03	3.0345e-03	8.8482e-04	3.1535e-04	4.6534e-04	-5.4145		-1.7923
7.0	2.1620e-04	1.0867e-03	1.0552e-03	3.0388e-03	8.7574e-04	3.1162e-04	4.6617e-04	-5.4378		-1.5794
14.0	2.2388e-04	1.0972e-03	1.0405e-03	3.0217e-03	8.6017e-04	3.1555e-04	4.6537e-04	-5.7829		-1.6907
21.0	2.1613e-04	1.0833e-03	1.0434e-03	2.9774e-03	8.5805e-04	3.1508e-04	4.6322e-04	-5.4947		-1.5338
28.0	2.0954e-04	1.0853e-03	1.0350e-03	2.9458e-03	8.7492e-04	3.0300e-04	4.6035e-04	-5.5345		-1.3629
35.0	2.0637e-04	1.0831e-03	1.0466e-03	2.9295e-03	8.8099e-04	2.9340e-04	4.5855e-04	-5.2677		-1.3055
42.0	2.1012e-04	1.0838e-03	1.0418e-03	2.9129e-03	8.6506e-04	2.9594e-04	4.5797e-04	-5.3009		-1.3773
49.0	2.0771e-04	1.0730e-03	1.0374e-03	2.9124e-03	8.3992e-04	2.9420e-04	4.5620e-04	-5.2483		-1.334
56.0	2.0277e-04	1.0641e-03	1.0169e-03	2.8983e-03	8.3478e-04	2.9167e-04	4.5331e-04	-5.5871		-1.1189
63.0	1.9972e-04	1.0629e-03	1.0190e-03	2.8976e-03	8.3666e-04	2.9567e-04	4.5093e-04	-5.3653		-1.0729
70.0	2.0515e-04	1.0683e-03	1.0104e-03	2.8873e-03	8.3297e-04	2.9493e-04	4.4943e-04	-5.359		-1.0646
77.0	2.0794e-04	1.0835e-03	1.0095e-03	2.8680e-03	8.4430e-04	2.8114e-04	4.4796e-04	-5.3012		-1.0431
84.0	2.0972e-04	1.0701e-03	1.0104e-03	2.8244e-03	8.3652e-04	2.8489e-04	4.4538e-04	-5.3698		-0.88913
91.0	2.1053e-04	1.0512e-03	1.0062e-03	2.8242e-03	8.2982e-04	2.9269e-04	4.4348e-04	-5.3802		-0.81484
98.0	2.0596e-04	1.0440e-03	1.0038e-03	2.8429e-03	8.1279e-04	2.9528e-04	4.4186e-04	-5.502		-0.98162
105.0	1.9257e-04	1.0455e-03	1.0072e-03	2.8237e-03	8.1812e-04	2.8366e-04	4.4075e-04	-5.594		-0.9282
112.0	1.9313e-04	1.0317e-03	1.0117e-03	2.7860e-03	8.0938e-04	2.7777e-04	4.3895e-04	-5.5114		-0.93037
119.0	1.9709e-04	1.0279e-03	9.9646e-04	2.7701e-03	7.9887e-04	2.8249e-04	4.3754e-04	-5.5095		-0.90518
126.0	2.0282e-04	1.0270e-03	9.7639e-04	2.7837e-03	7.8787e-04	2.8132e-04	4.3531e-04	-5.154		-1.0848
133.0	2.0027e-04	1.0258e-03	9.7379e-04	2.7739e-03	7.8989e-04	2.8270e-04	4.3319e-04	-5.3044		-0.93811
140.0	2.0240e-04	1.0294e-03	9.7232e-04	2.7446e-03	7.8992e-04	2.7311e-04	4.3156e-04	-5.3368		-0.93122
147.0	1.9968e-04	1.0429e-03	9.6374e-04	2.7209e-03	8.0820e-04	2.7560e-04	4.3027e-04	-5.5636		-0.73255
154.0	2.0628e-04	1.0410e-03	9.5254e-04	2.7486e-03	8.1785e-04	2.7951e-04	4.2980e-04	-5.3738		-0.77715
161.0	2.1015e-04	1.0257e-03	9.6641e-04	2.7632e-03	7.9867e-04	2.7695e-04	4.2731e-04	-5.4871		-1.0443
191.0	2.1360e-04	1.0085e-03	9.7912e-04	2.7009e-03	7.7150e-04	2.5785e-04	4.2239e-04	-5.0541		-1.0047
221.0	2.0083e-04	1.0110e-03	9.6922e-04	2.6390e-03	7.5716e-04	2.5593e-04	4.1629e-04	-5.2811		-0.63567
251.0	1.9897e-04	1.0065e-03	9.5768e-04	2.6136e-03	7.5266e-04	2.6100e-04	4.1215e-04	-5.2954		-0.40955
281.0	1.9638e-04	1.0116e-03	9.3646e-04	2.6060e-03	7.3880e-04	2.5801e-04	4.0825e-04	-5.3994		-0.49369
311.0	1.9628e-04	1.0079e-03	9.2060e-04	2.5843e-03	7.3730e-04	2.4144e-04	4.0456e-04	-5.3379		-0.44306
341.0	1.8888e-04	9.9319e-04	9.1198e-04	2.5646e-03	7.2579e-04	2.3675e-04	4.0105e-04	-5.4598		-0.45592
371.0	1.9579e-04	9.7986e-04	9.1790e-04	2.5162e-03	7.1442e-04	2.3839e-04	3.9732e-04	-5.4182		-0.59112
401.0	1.9586e-04	9.8547e-04	9.0955e-04	2.4639e-03	7.0815e-04	2.4698e-04	3.9347e-04	-5.3787		-0.80345
431.0	1.9250e-04	1.0005e-03	8.9953e-04	2.4574e-03	7.0401e-04	2.4985e-04	3.9033e-04	-5.5017		-0.67053
461.0	1.9145e-04	9.9750e-04	8.9130e-04	2.4639e-03	6.9737e-04	2.4780e-04	3.8817e-04	-5.3008		-0.54182
491.0	1.9812e-04	9.8280e-04	8.8997e-04	2.4700e-03	6.9168e-04	2.3997e-04	3.8598e-04	-5.2209		-0.30767
521.0	1.9889e-04	9.7288e-04	8.8370e-04	2.4378e-03	6.7607e-04	2.3271e-04	3.8330e-04	-5.1333		-0.58084
551.0	2.0080e-04	9.7544e-04	8.8134e-04	2.4039e-03	6.7935e-04	2.3160e-04	3.8057e-04	-5.2854		-0.6639
581.0	1.9877e-04	9.6771e-04	8.8418e-04	2.3744e-03	6.7956e-04	2.2475e-04	3.7835e-04	-5.2628		-0.69405
611.0	2.0047e-04	9.5895e-04	8.8153e-04	2.3850e-03	6.9976e-04	2.1636e-04	3.7628e-04	-5.4686		-0.60664
641.0	1.9882e-04	9.5106e-04	8.6785e-04	2.3712e-03	6.8884e-04	2.1637e-04	3.7402e-04	-5.56		-0.84711
671.0	1.9435e-04	9.5863e-04	8.5234e-04	2.3366e-03	6.8767e-04	2.2879e-04	3.7206e-04	-5.7926		-0.84801
701.0	1.8781e-04	9.6162e-04	8.6640e-04	2.3254e-03	6.7107e-04	2.3073e-04	3.7061e-04	-5.6727		-0.74512
731.0	1.8588e-04	9.6074e-04	8.7831e-04	2.3300e-03	6.8233e-04	2.2826e-04	3.6916e-04	-5.7826		-0.67838
761.0	1.9133e-04	9.4634e-04	8.8887e-04	2.3273e-03	6.7970e-04	2.2739e-04	3.6667e-04	-5.6797		-0.74562
791.0	1.9608e-04	9.3984e-04	8.6815e-04	2.3286e-03	6.7773e-04	2.1876e-04	3.6442e-04	-5.523		-0.86188
821.0	1.9952e-04	9.5540e-04	8.6199e-04	2.3470e-03	6.8391e-04	2.1361e-04	3.6291e-04	-5.4349		-0.78222
851.0	1.9726e-04	9.6040e-04	8.7531e-04	2.3462e-03	6.7602e-04	2.1279e-04	3.6177e-04	-5.6944		-0.82002
881.0	1.9483e-04	9.6360e-04	8.9276e-04	2.3306e-03	6.7498e-04	2.1866e-04	3.6073e-04	-5.7126		-0.71585
911.0	1.9175e-04	9.4850e-04	8.7859e-04	2.3139e-03	6.6579e-04	2.1432e-04	3.5937e-04	-5.8599		-1.0196
941.0	1.9447e-04	9.5319e-04	8.4174e-04	2.3069e-03	6.6164e-04	2.0976e-04	3.5743e-04	-5.8144		-1.0636
971.0	1.9408e-04	9.5332e-04	8.2727e-04	2.2905e-03	6.5154e-04	2.1596e-04	3.5563e-04	-5.7523		-1.2995
1001.0	1.9167e-04	9.5745e-04	8.2963e-04	2.2709e-03	6.5537e-04	2.2449e-04	3.5460e-04	-5.5825		-1.1254
1031.0	1.9138e-04	9.5285e-04	8.4585e-04	2.2726e-03	6.6245e-04	2.2429e-04	3.5388e-04	-5.6756		-0.90744
1061.0	1.9707e-04	9.5805e-04	8.5877e-04	2.2742e-03	6.5183e-04	2.1361e-04	3.5249e-04	-5.7031		-0.79496
1091.0	1.9974e-04	9.5937e-04	8.4789e-04	2.2723e-03	6.5138e-04	2.0919e-04	3.5115e-04	-5.6339		-0.74784
1121.0	1.9785e-04	9.4388e-04	8.3854e-04	2.2635e-03	6.4394e-04	2.0989e-04	3.5011e-04	-5.6113		-0.79701
1151.0	1.9564e-04	9.4546e-04	8.4314e-04	2.2698e-03	6.4823e-04	2.0855e-04	3.4982e-04	-5.4639		-0.94124
1181.0	1.9087e-04	9.6400e-04	8.6010e-04	2.2632e-03	6.5276e-04	2.0987e-04	3.4958e-04	-5.6155		-1.0974
1211.0	1.8903e-04	9.6883e-04	8.3774e-04	2.2569e-03	6.5335e-04	2.1130e-04	3.4733e-04	-5.7509		-0.94348
1241.0	1.9517e-04	9.5349e-04	8.2744e-04	2.2629e-03	6.5016e-04	2.0669e-04	3.4582e-04	-5.6471		-0.906
1271.0	1.9810e-04	9.5223e-04	8.2607e-04	2.2449e-03	6.4988e-04	2.0996e-04	3.4542e-04	-5.4428		-1.2088
1301.0	2.0039e-04	9.5454e-04	8.4086e-04	2.2515e-03	6.4487e-04	2.1484e-04	3.4498e-04	-5.5402		-1.2973
1331.0	1.9657e-04	9.5760e-04	8.5097e-04	2.2336e-03	6.3599e-04	2.1449e-04	3.4402e-04	-5.7418		-1.1461
1361.0	1.9759e-04	9.5069e-04	8.5084e-04	2.2107e-03	6.3985e-04	2.0565e-04	3.4302e-04	-5.7609		-1.1454
1391.0	1.9493e-04	9.5058e-04	8.4274e-04	2.1980e-03	6.5589e-04	2.0811e-04	3.4247e-04	-5.6766		-1.2165
1421.0	1.9132e-04	9.4744e-04	8.4077e-04	2.2407e-03	6.5403e-04	2.0731e-04	3.4101e-04	-5.7818		-1.2271
1451.0	1.8658e-04	9.6126e-04	8.5261e-04	2.2632e-03	6.4392e-04	2.0542e-04	3.4066e-04	-5.9668		-1.1984
1481.0	1.9917e-04	9.4763e-04	8.2020e-04	2.2298e-03	6.5055e-04	2.2251e-04	3.3945e-04	-5.8596		-1.4473
